data;

set demand := 90501	90502	90714	90717	90731	90745	90747	90749	90755	90805	90808	90810	90812	90813	90831	90834	90835	90840	90844	90846	90250	90814	90712	90807	90740	90733	90711	90822	90801	90742	90803	90744	90895	90802	90806	90710	90062	90853	90899	90746	90833	90809	92701	90804	90832	90815	90734	90748	90743	90732;
set depot := 90501	90502	90714	90717	90731	90745	90747	90749	90755	90805	90808	90810	90812	90813	90831	90834	90835	90840	90844	90846;
set est := 90747	90840	90835	90502	90749	90805	90844 90808;
set clos := 90813	90846	90714	90731	90812	90831	90755	90810	90501	90834	90745	90717;

param c:90501	90502	90714	90717	90731	90745	90747	90749	90755	90805	90808	90810	90812	90813	90831	90834	90835	90840	90844	90846	90250	90814	90712	90807	90740	90733	90711	90822	90801	90742	90803	90744	90895	90802	90806	90710	90062	90853	90899	90746	90833	90809	92701	90804	90832	90815	90734	90748	90743	90732:=
90501	0.001	2.9	25.6	3.9	19.5	6.1	9.4	6.9	20.8	20.3	26.8	11.9	18	21.8	21.4	22.7	21.6	26.6	22.3	24.3	15.1	26.3	24.5	21.1	32.7	14.6	25.6	21.6	23.5	38.1	33.5	9.5	11.3	24.6	18.6	5.3	26.3	32.8	23.2	7.9	21.6	22.7	53.7	25.4	22.2	26	14.5	9.9	36.4	15.8
90502	3	0.001	21.5	9.2	17.4	4	6.5	3.1	16.5	16.2	22.5	12.8	13.7	17.5	18.5	18.4	18.1	22.3	18.1	20	16	22	20.4	16.8	28.5	12.5	21.5	17.3	19.2	33.8	29.3	7.4	12.9	22	14.3	4.7	22.3	28.5	18.9	5	18.1	18.4	49.4	21.1	17.9	21.8	12.4	7.8	32.1	13.7
90714	24.8	22.1	0.001	30.6	26.3	17.4	15.9	18.2	9	5.3	6.6	15.1	12.7	16.5	17.5	17.4	17.1	9.1	17.1	3.6	32.2	9.9	2.9	5.7	16.8	33.8	1.2	6.9	13.2	22.1	12.2	21.7	9.1	21	12.2	26.5	34.3	11.2	17.9	17.2	17.1	7.9	35.5	9	16.9	7.8	33.8	21.7	20.4	35
90717	3.9	6.9	30.3	0.001	16.4	8.9	15.3	9.7	25.3	25	31.3	12.8	12.1	12.8	18.3	18.7	18.4	31.1	13.9	28.8	18.6	30.8	29.2	25.6	37.2	11.5	30.3	26.1	15	42.6	25.1	6.4	14.2	21.5	13.8	3.4	31	37.3	14.7	13.7	18.4	27.2	58.2	29.9	13.8	30.5	11.4	6.8	40.9	10
90731	19.2	17.9	29.9	16.8	0.001	19.9	23.5	22.4	21.1	24.2	27.1	15.9	14.1	12.3	10.3	10.8	10.5	26.9	13.3	24.6	33.8	16.6	23.4	21.4	33	8.7	29.9	21.9	11.9	38.4	17.2	13.3	19	13.6	15.1	14.8	39.2	17.6	11.6	21.9	10.5	23	54	16.5	10.7	26.3	10	13.2	36.7	11.1
90745	6.1	3.9	19.8	10.8	19	0.001	5.8	1.6	11.3	14.1	17.4	6.1	8.6	12.4	13.4	13.3	13	17.2	12.9	14.8	18.9	16.8	13.3	11.6	23.3	14.1	19.8	12.2	14.1	28.7	24.1	4.7	5.5	16.8	9.2	6.4	24.4	23.4	13.7	4.3	13	13.3	44.3	16	12.8	16.6	14	4.9	27	15.3
90747	9.4	6.5	15.4	15.1	23.3	5.9	0.001	5	15.2	10.1	23.6	11.5	12.4	16.2	17.2	17.1	16.8	21	16.7	16.6	16.9	20.7	14.3	10.9	27.2	18.4	15.4	16	17.9	32.5	27.9	13.3	7	20.6	13	11.1	21.7	27.2	17.6	1.4	16.8	17.1	45.5	19.8	16.6	20.4	18.3	13.7	30.8	19.6
90749	5.8	3.1	19.4	11.6	19.8	1.5	5	0.001	11	13.7	17	7.3	8.2	12	13	12.9	12.6	16.8	12.5	14.5	18.6	16.5	12.9	11.3	23	14.9	19.4	11.8	13.7	28.3	23.7	5.7	5.3	16.4	8.8	7.4	24	23	13.4	3.5	12.6	12.9	43.9	15.6	12.4	16.2	14.8	5.9	26.6	16.1
90755	20.8	18.1	8.9	26.5	22.4	10.9	15.2	11.7	0.001	7.9	7.1	6	4.2	4.7	13.7	13.5	13.3	8.1	5	5.1	28	5.8	6.6	4.3	14.2	22.3	8.9	2.3	4.9	19.6	8.3	11	9.5	17.1	3.1	16.1	33.4	8.2	5.2	13.6	13.3	2.6	35.2	4	13.1	7.5	29.7	11.2	17.9	31
90805	19.2	16.5	5.3	24.9	24.7	13.4	10.3	14.2	7.9	0.001	16.2	11.2	11.1	14.9	15.9	15.8	15.5	13.8	15.5	6.7	26.5	13.5	3.9	3.5	20	28.2	5.3	8.8	16.6	25.3	20.8	18.3	6.5	19.4	11.9	20.9	28.7	20	16.3	11.5	15.5	9.8	38.2	12.6	15.3	13.3	28.1	18.5	23.6	29.4
90808	26.9	24.2	6.5	32.6	28.5	17	21.3	17.9	7.1	11.7	0.001	14.8	15	18.8	19.8	19.7	19.4	5.5	19.3	5	34.1	7.7	8.1	8.2	10.7	28.4	6.5	5.5	11	16	10.8	21.4	15.6	23.2	11.8	22.3	39.6	10	20.2	19.8	19.4	6.2	31.6	6.8	19.2	4	35.8	21.4	14.3	37.1
90810	16.8	14.1	16.9	12.9	14	6.1	11.2	7.8	8.5	11.2	14.5	0.001	2.1	6	7.1	6.9	6.6	14.3	6.6	12	24	14	10.4	8.8	20.4	13.9	16.9	9.3	7.7	25.8	14	7.7	4	10.5	3.8	9.9	29.5	20.5	7.4	9.6	6.6	10.4	41.4	13.1	6.5	13.7	15.2	7.9	24.1	16.4
90812	18.6	15.9	17	12.4	14	8.7	13	9.6	4.2	11.4	14.3	2.1	0.001	4.2	5.3	5.1	4.8	14.1	4.8	11.7	25.8	13.7	10.5	8.6	20.2	13.8	17	9.1	5.9	25.6	12.2	7.2	6.2	8.7	2	9.3	31.3	11.7	5.6	11.4	4.8	6.3	41.2	8.4	4.6	13.5	15.2	7.4	23.9	16.3
90813	21.6	18.9	20.1	12.8	12.9	11.7	16	12.6	4.7	14.4	17.3	6.1	4.4	0.001	4.2	2.2	3.8	8.1	1.5	14.8	28.8	6.8	13.6	11.6	23.3	12.8	20.1	12.1	2.9	28.6	8.5	7.2	9.2	7.6	3	10.9	34.3	8.9	2.4	14.5	3.8	5.9	44.2	4.7	2	16.5	14.1	6.7	26.9	15.3
90831	22.1	19.4	20.6	14	12.2	12.2	16.5	13.1	11.8	14.9	17.8	6.6	4.8	4.2	0.001	0.8	0.5	17.6	1.6	15.3	29.3	6.4	14.1	12.1	23.7	12.1	20.6	12.6	1.6	29.1	7.4	7.4	9.7	5.3	5.8	12	34.8	7.4	1.3	15	0.5	13.7	44.7	6	0.3	17	13.4	7	27.4	14.6
90834	22.5	19.8	20.9	14.3	12.6	12.6	16.9	13.5	12.1	15.3	18.2	7	5.2	4.6	0.4	0.001	86	18	2	15.6	29.7	6.7	14.4	12.5	24.1	12.5	20.9	13	2	29.5	6.8	7.8	10.1	4.8	6.2	12.4	35.2	7.7	1.7	15.3	85	14.1	45.1	6.4	0.7	17.4	13.8	7.4	27.8	14.9
90835	22.5	19.9	21	14.4	12.6	12.6	16.9	13.5	12.2	15.3	18.2	7	5.3	2.2	0.4	0.6	0.001	18	1.4	15.7	29.7	6.1	14.5	12.5	24.2	12.5	21	13	1.4	29.5	7.1	7.8	10.2	5.1	6.2	12.4	35.2	7.1	1.1	15.4	1.1	14.1	45.1	5.8	0.8	17.5	13.8	7.4	27.8	15
90840	26.7	24	9.1	32.4	28.3	16.8	21.1	17.6	6.8	13.9	5.5	14.6	14.8	8	9.7	9.3	9.4	0.001	7.9	7.5	33.9	3.7	10.6	10.4	7.5	28.2	9.1	5.8	7.8	9.6	5.3	21.1	15.4	23	11.6	22	39.3	4.3	8.1	19.5	9.4	5	29.3	3.7	9	2.8	35.6	21.2	7.9	36.9
90844	22.4	19.7	20.9	14.3	12.5	12.5	16.8	13.4	5.1	15.2	18.1	6.9	5.1	1.5	2	1.6	1.7	8	0.001	15.6	29.6	5.2	14.4	12.4	24	12.4	20.9	12.9	0.9	15	7.2	7.7	10	8.8	3.9	12.3	35.1	7.1	0.9	15.3	1.7	6.6	45	4.6	1.1	17.3	13.7	7.3	13.3	14.9
90846	22.8	20.2	3.6	28.6	24.5	12.9	17.2	13.8	5.1	6.7	5.7	10.7	10.9	14.7	15.7	15.6	15.3	7.5	15.2	0.001	30	7.5	3.4	3.2	14.5	24.3	3.6	4	10	19.8	10.6	17.3	11.5	19.2	7.7	18.2	35.5	9.7	16.1	15.7	15.3	5.1	35.4	6.7	15.1	7.8	31.8	17.3	18.1	33;

param dcap:=
90501	117232
90502	164172
90714	173574
90717	101628
90731	190149
90745	129880
90747	182554
90749	135827
90755	182095
90805	187136
90808	129230
90810	167479
90812	189517
90813	123349
90831	96862
90834	171930
90835	148698
90840	154604
90844	174430
90846	83532;


param f:=
90501	733536.36
90502	770965.27
90714	469130
90717	763895.096
90731	610413.522
90745	779890.717
90747	609830
90749	969860
90755	877456.213
90805	555831.774
90808	1046237.285
90810	635820.502
90812	1253480
90813	376048.33
90831	445660
90834	850440
90835	793930
90840	649120
90844	657390
90846	785350;


param d:=
90501	22473
90502	36727
90714	11074
90717	12013
90731	38232
90745	10402
90747	53773
90749	42619
90755	24512
90805	11074
90808	45925
90810	57345
90812	93524
90813	18010
90831	43180
90834	56379
90835	59662
90840	57251
90844	22269
90846	53528
90250	29118
90814	19131
90712	31499
90807	31481
90740	23729
90733	17846
90711	76933
90822	1118
90801	47101
90742	32629
90803	32031
90744	53584
90895	35099
90802	39296
90806	42399
90710	25457
90062	13109
90853	2355
90899	23924
90746	25990
90833	39806
90809	45619
92701	42784
90804	39349
90832	6015
90815	34554
90734	34533
90748	47476
90743	456
90732	21115;
